57067
36503
22930
46530
12152
55918
48660
6863
55537
35866
12970
6880
46396
30206
31695
22534
58253
25103
49278
55637
33481
21087
33619
56879
10634
61467
43120
13456
40561
58163
34939
29310
30071
39346
37609
47653
31451
19802
17967
24519
51149
31782
47681
48770
8389
13750
50193
18298
51017
32772
61270
50314
16849
6619
31057
28182
8561
15662
56190
49588
28662
61279
49862
36583
63104
25957
61063
59084
52839
1660
64957
7471
55605
27956
46814
54150
37391
13617
39976
47911
49208
30579
22811
57709
37123
8226
45581
39281
33812
7115
31624
33008
61814
3789
53104
25564
10756
31990
16736
31119
49687
6385
29971
23206
18688
18343
57565
15459
59108
41763
5566
14741
19413
40781
63064
24204
20186
4352
24822
39046
12341
45609
62974
48966
55322
19310
34640
33636
43003
43614
1272
54178
41295
14807
17347
8598
12070
62966
4601
4131
51329
38252
47277
26450
48693
27661
15503
28369
49319
36268
39534
62838
15859
43405
31157
40556
30859
36325
46273
32446
50902
7223
60273
32214
34544
4962
37705
17293
893
38626
37008
9450
28915
60522
63724
30615
49920
63019
51396
57927
59682
26712
56561
44827
58632
20734
43179
17360
38605
63842
55307
50053
20211
27825
16530
30174
36468
35049
18094
63913
34419
45220
51187
882
9579
18258
59760
38377
58219
41357
5892
18395
13325
4293
30532
29930
2050
245
63189
45213
11030
39023
26832
45518
29467
2438
38867
17554
39431
27644
16187
56562
36546
58657
60845
50068
58781
35191
44066
51383
37169
26105
50929
6173
63176
45527
19355
31705
58489
16401
13797
49847
39856
56004
5237
27471
36346
31973
18276
23853
11686
8819
15898
47041
15409
42781
5068
20932
53273
28840
7869
52484
13967
14471
60751
26883
17902
32801
28611
27708
26705
10438
52762
57028
60359
25620
31115
56191
9372
5996
12346
17808
57137
48515
58119
45086
3917
28779
10287
40342
48038
48247
17602
27395
52027
5652
62087
43692
40941
47484
10831
59562
44011
36881
9219
49959
24400
44009
57403
30900
44514
31507
21273
1926
56202
463
18422
19239
26141
63775
24779
12608
34198
26260
61020
50106
28258
11955
32311
60704
60580
54679
52416
11740
4454
27947
43855
1031
5079
61034
28588
15949
40704
34595
45723
27397
176
57462
47550
51564
56803
61378
38137
45594
38186
27671
7244
6053
34206
45599
61370
12051
20982
26507
60078
19349
35030
569
9875
45136
3682
60984
24690
24525
15607
9511
573
31088
3285
57645
3524
23639
6612
45697
958
51747
5091
42970
41169
34392
57587
48430
58290
13734
23914
12394
28148
30332
31101
17919
37911
40884
15944
1849
44021
13568
45836
30427
41577
51673
25212
64842
5284
46217
28367
35172
1813
64128
23265
15813
32150
18209
25543
59457
18064
27948
709
58067
2010
62214
53256
3729
18331
59820
62726
4715
47324
57118
60997
58659
27004
5698
57742
27609
43482
26943
62492
57721
13370
55040
5435
5921
32409
55977
45790
63160
29732
21224
61342
6020
32572
6482
45510
32007
45353
1406
21284
39608
33910
9963
48609
36856
47574
39392
21883
57005
57456
47284
31010
2316
26868
10911
38745
61422
37398
46486
26450
10084
58399
59346
46080
62187
23481
61965
21732
10796
20696
4921
10756
58056
51494
5079
47315
40797
25824
47198
63564
45172
52385
8576
57376
60630
17885
34051
60242
29998
23919
58415
18062
42487
58274
44119
16381
64440
28120
60500
32166
37941
22424
52669
53953
15311
41419
48168
26685
62802
56085
28189
35525
33734
27276
21759
24046
22065
38318
45316
4669
62528
36634
9979
65351
40312
56264
42269
13902
41584
46133
11416
8354
19820
29949
42427
31243
11623
10793
52753
14056
49344
10513
2423
33144
54073
8661
686
7856
10823
8585
37930
64149
6952
28039
2151
60280
27571
42286
59587
37863
64000
7594
62589
43513
27624
21002
34227
24829
61015
40023
20958
42430
29044
16790
44288
50916
62067
26197
64655
53136
10822
29250
63282
43917
18921
8973
27492
22363
30127
26752
13988
11414
8522
43129
41915
27024
47676
14583
48893
37624
44656
27431
9487
17734
36106
5273
6859
37516
59
62916
13452
36223
46228
65194
46988
9580
62676
18130
4875
52577
7451
35836
5785
31899
56766
24184
53766
42062
10538
27134
40900
36990
12631
55693
44669
62492
58593
62283
18601
54546
18828
12894
4825
47334
1788
18136
57826
30438
38873
8886
41790
59184
22210
11783
443
20289
59111
44598
490
51792
596
40231
12815
28429
14941
36623
19326
57964
44301
49441
15723
47443
40358
6802
42323
11880
33252
23666
13718
34678
47834
13884
39499
9113
25087
44206
5156
47739
25343
41259
27824
21035
23537
12556
41918
60917
18761
43306
62977
55917
62540
29154
46886
47740
4896
23978
10213
25750
27774
22524
37190
5819
34557
30325
50063
16790
8492
47665
51125
61307
5247
28383
26429
47388
19835
34472
55179
56
10293
51644
41910
19929
64753
21678
6770
53034
48635
3445
26091
61099
47609
15132
51275
28878
27903
51946
41749
41024
37654
32403
14289
24651
47285
60690
57337
10314
25954
2591
40721
19292
51798
41587
56877
43110
63198
44042
10929
10623
54965
27888
29840
58440
20404
49126
24897
22428
23685
18310
23098
9164
60782
17949
28196
47725
5969
23786
30124
16126
57280
26762
7628
6990
64466
32050
5114
26438
39537
4839
2892
3135
53847
23541
17970
44587
19568
38184
48516
41284
3180
41855
34127
8065
55355
15597
14437
13935
17148
5402
42852
33244
7690
29373
54552
19254
25237
16765
8914
30104
9333
11953
2550
13546
60300
57308
38597
47084
53377
34737
10673
2926
54303
27969
37435
50362
19019
46972
1815
48262
35557
35088
40275
61212
57281
11542
55606
41808
20510
30434
39605
19947
13083
11859
45552
23250
40110
18734
45364
34484
50948
6302
22319
50086
38375
31576
4122
38614
34474
34859
21834
24108
40280
11544
2742
14277
48166
35906
44880
11213
58450
50277
14857
24753
995
38470
43083
17211
35549
30283
36291
46327
12296
160
48809
9395
14908
6746
30694
25656
47885
57804
6492
42163
23371
46990
43185
7659
23785
24331
21621
62630
337
27879
8895
16317
37524
55703
53543
60017
25100
45842
51570
21299
27595
8269
27539
10488
15384
30670
60945
17475
48968
18220
48834
13544
56565
16130
51765
30689
63966
58657
60832
53881
36933
18580
18549
3772
6444
16372
15864
16868
8728
46478
63069
